Brown to Blue, 10 steps                                                 
RGB                     HSV                     CMYK                            RGB256
   0.400   0.187   0.000  28.000   1.000   0.400   0.000   0.213   0.400   0.600     102      47       0
   0.600   0.379   0.210  26.000   0.650   0.600   0.000   0.221   0.390   0.400     153      96      53
   0.800   0.608   0.480  24.000   0.400   0.800   0.000   0.192   0.320   0.200     204     155     122
   0.850   0.688   0.595  22.000   0.300   0.850   0.000   0.162   0.255   0.150     216     175     151
   0.950   0.855   0.808  20.000   0.150   0.950   0.000   0.095   0.142   0.050     242     218     205
   0.800   0.993   1.000 182.000   0.200   1.000   0.200   0.007   0.000   0.000     204     253     255
   0.600   0.973   1.000 184.000   0.400   1.000   0.400   0.027   0.000   0.000     153     248     255
   0.400   0.940   1.000 186.000   0.600   1.000   0.600   0.060   0.000   0.000     101     239     255
   0.200   0.893   1.000 188.000   0.800   1.000   0.800   0.107   0.000   0.000      50     227     255
   0.000   0.667   0.800 190.000   1.000   0.800   0.800   0.133   0.000   0.200       0     169     204
