Light blue to dark blue, 10 steps                                       
RGB                     HSV                     CMYK                            RGB256
   0.900   1.000   1.000 180.000   0.100   1.000   0.100   0.000   0.000   0.000     229     255     255
   0.800   0.983   1.000 185.000   0.200   1.000   0.200   0.017   0.000   0.000     204     250     255
   0.700   0.950   1.000 190.000   0.300   1.000   0.300   0.050   0.000   0.000     178     242     255
   0.600   0.900   1.000 195.000   0.400   1.000   0.400   0.100   0.000   0.000     153     229     255
   0.500   0.833   1.000 200.000   0.500   1.000   0.500   0.167   0.000   0.000     127     212     255
   0.400   0.750   1.000 205.000   0.600   1.000   0.600   0.250   0.000   0.000     101     191     255
   0.300   0.650   1.000 210.000   0.700   1.000   0.700   0.350   0.000   0.000      76     165     255
   0.200   0.533   1.000 215.000   0.800   1.000   0.800   0.467   0.000   0.000      50     136     255
   0.100   0.400   1.000 220.000   0.900   1.000   0.900   0.600   0.000   0.000      25     101     255
   0.000   0.250   1.000 225.000   1.000   1.000   1.000   0.750   0.000   0.000       0      63     255
