Blue to Dark Orange, 12 steps                                           
RGB                     HSV                     CMYK                            RGB256
   0.120   0.560   0.600 185.000   0.800   0.600   0.480   0.040   0.000   0.400      30     142     153
   0.320   0.768   0.800 184.000   0.600   0.800   0.480   0.032   0.000   0.200      81     195     204
   0.600   0.980   1.000 183.000   0.400   1.000   0.400   0.020   0.000   0.000     153     249     255
   0.700   0.990   1.000 182.000   0.300   1.000   0.300   0.010   0.000   0.000     178     252     255
   0.800   0.997   1.000 181.000   0.200   1.000   0.200   0.003   0.000   0.000     204     254     255
   0.900   1.000   1.000 180.000   0.100   1.000   0.100   0.000   0.000   0.000     229     255     255
   1.000   0.900   0.800  30.000   0.200   1.000   0.000   0.100   0.200   0.000     255     229     204
   1.000   0.793   0.600  29.000   0.400   1.000   0.000   0.207   0.400   0.000     255     202     153
   1.000   0.680   0.400  28.000   0.600   1.000   0.000   0.320   0.600   0.000     255     173     101
   1.000   0.560   0.200  27.000   0.800   1.000   0.000   0.440   0.800   0.000     255     142      50
   0.800   0.347   0.000  26.000   1.000   0.800   0.000   0.453   0.800   0.200     204      88       0
   0.600   0.250   0.000  25.000   1.000   0.600   0.000   0.350   0.600   0.400     153      63       0
