Blue to Dark Orange, 18 steps                                           
RGB                     HSV                     CMYK                            RGB256
   0.000   0.400   0.400 180.000   1.000   0.400   0.400   0.000   0.000   0.600       0     102     102
   0.000   0.600   0.600 180.000   1.000   0.600   0.600   0.000   0.000   0.400       0     153     153
   0.000   0.800   0.800 180.000   1.000   0.800   0.800   0.000   0.000   0.200       0     204     204
   0.000   1.000   1.000 180.000   1.000   1.000   1.000   0.000   0.000   0.000       0     255     255
   0.200   1.000   1.000 180.000   0.800   1.000   0.800   0.000   0.000   0.000      51     255     255
   0.400   1.000   1.000 180.000   0.600   1.000   0.600   0.000   0.000   0.000     101     255     255
   0.600   1.000   1.000 180.000   0.400   1.000   0.400   0.000   0.000   0.000     153     255     255
   0.700   1.000   1.000 180.000   0.300   1.000   0.300   0.000   0.000   0.000     178     255     255
   0.800   1.000   1.000 180.000   0.200   1.000   0.200   0.000   0.000   0.000     203     255     255
   0.900   1.000   1.000 180.000   0.100   1.000   0.100   0.000   0.000   0.000     229     255     255
   1.000   0.900   0.800  30.000   0.200   1.000   0.000   0.100   0.200   0.000     255     229     203
   1.000   0.793   0.600  29.000   0.400   1.000   0.000   0.207   0.400   0.000     255     202     153
   1.000   0.680   0.400  28.000   0.600   1.000   0.000   0.320   0.600   0.000     255     173     101
   1.000   0.560   0.200  27.000   0.800   1.000   0.000   0.440   0.800   0.000     255     142      51
   1.000   0.433   0.000  26.000   1.000   1.000   0.000   0.567   1.000   0.000     255     110       0
   0.800   0.333   0.000  25.000   1.000   0.800   0.000   0.467   0.800   0.200     204      85       0
   0.600   0.240   0.000  24.000   1.000   0.600   0.000   0.360   0.600   0.400     153      61       0
   0.400   0.153   0.000  23.000   1.000   0.400   0.000   0.247   0.400   0.600     102      39       0
