Dark Red to Blue, 12 steps, based on ColorBrewer RdYlBu_11              
RGB                     HSV                     CMYK                            RGB256
   0.164   0.043   0.850 249.000   0.950   0.850   0.686   0.808   0.000   0.150      41      10     216
   0.150   0.306   1.000 229.000   0.850   1.000   0.850   0.694   0.000   0.000      38      77     255
   0.250   0.630   1.000 209.600   0.750   1.000   0.750   0.370   0.000   0.000      63     160     255
   0.450   0.853   1.000 196.000   0.550   1.000   0.550   0.147   0.000   0.000     114     217     255
   0.670   0.973   1.000 185.000   0.330   1.000   0.330   0.027   0.000   0.000     170     247     255
   0.880   1.000   1.000 180.000   0.120   1.000   0.120   0.000   0.000   0.000     224     255     255
   1.000   1.000   0.750  60.000   0.250   1.000   0.000   0.000   0.250   0.000     255     255     191
   1.000   0.880   0.600  42.000   0.400   1.000   0.000   0.120   0.400   0.000     255     224     153
   1.000   0.679   0.450  25.000   0.550   1.000   0.000   0.321   0.550   0.000     255     173     114
   0.970   0.430   0.370   6.000   0.619   0.970   0.000   0.540   0.600   0.030     247     109      94
   0.850   0.150   0.196 356.000   0.824   0.850   0.000   0.700   0.654   0.150     216      38      50
   0.650   0.000   0.130 348.008   1.000   0.650   0.000   0.650   0.520   0.350     165       0      33
