Dark Red to Blue, 18 steps, based on ColorBrewer RdYlBu_11              
RGB                     HSV                     CMYK                            RGB256
   0.142   0.000   0.850 250.000   1.000   0.850   0.708   0.850   0.000   0.150      36       0     216
   0.097   0.112   0.970 239.000   0.900   0.970   0.873   0.858   0.000   0.030      24      28     247
   0.160   0.342   1.000 227.000   0.840   1.000   0.840   0.658   0.000   0.000      40      87     255
   0.240   0.531   1.000 217.000   0.760   1.000   0.760   0.469   0.000   0.000      61     135     255
   0.340   0.692   1.000 208.000   0.660   1.000   0.660   0.308   0.000   0.000      86     176     255
   0.460   0.829   1.000 199.000   0.540   1.000   0.540   0.171   0.000   0.000     117     211     255
   0.600   0.920   1.000 192.000   0.400   1.000   0.400   0.080   0.000   0.000     153     234     255
   0.740   0.978   1.000 185.000   0.260   1.000   0.260   0.022   0.000   0.000     188     249     255
   0.920   1.000   1.000 180.000   0.080   1.000   0.080   0.000   0.000   0.000     234     255     255
   1.000   1.000   0.920  60.000   0.080   1.000   0.000   0.000   0.080   0.000     255     255     234
   1.000   0.948   0.740  48.000   0.260   1.000   0.000   0.052   0.260   0.000     255     241     188
   1.000   0.840   0.600  36.000   0.400   1.000   0.000   0.160   0.400   0.000     255     214     153
   1.000   0.676   0.460  24.000   0.540   1.000   0.000   0.324   0.540   0.000     255     172     117
   1.000   0.472   0.340  12.000   0.660   1.000   0.000   0.528   0.660   0.000     255     120      86
   1.000   0.240   0.240   0.000   0.760   1.000   0.000   0.760   0.760   0.000     255      61      61
   0.970   0.155   0.210 356.000   0.840   0.970   0.000   0.815   0.760   0.030     247      39      53
   0.850   0.085   0.187 352.000   0.900   0.850   0.000   0.765   0.663   0.150     216      21      47
   0.650   0.000   0.130 348.000   1.000   0.650   0.000   0.650   0.520   0.350     165       0      33
