Blue-Green                                                              
RGB                     HSV                     CMYK                            RGB256
   0.000   0.000   1.000 240.000   1.000   1.000   1.000   1.000   0.000   0.000       0       0     255
   0.200   0.200   1.000 240.000   0.800   1.000   0.800   0.800   0.000   0.000      51      51     255
   0.400   0.400   1.000 240.000   0.600   1.000   0.600   0.600   0.000   0.000     101     101     255
   0.600   0.600   1.000 240.000   0.400   1.000   0.400   0.400   0.000   0.000     153     153     255
   0.700   0.700   1.000 240.000   0.300   1.000   0.300   0.300   0.000   0.000     178     178     255
   0.800   0.800   1.000 240.000   0.200   1.000   0.200   0.200   0.000   0.000     203     203     255
   0.900   0.900   1.000 240.000   0.100   1.000   0.100   0.100   0.000   0.000     229     229     255
   0.900   1.000   0.900 120.000   0.100   1.000   0.100   0.000   0.100   0.000     229     255     229
   0.800   1.000   0.800 120.000   0.200   1.000   0.200   0.000   0.200   0.000     203     255     203
   0.700   1.000   0.700 120.000   0.300   1.000   0.300   0.000   0.300   0.000     178     255     178
   0.600   1.000   0.600 120.000   0.400   1.000   0.400   0.000   0.400   0.000     153     255     153
   0.400   1.000   0.400 120.000   0.600   1.000   0.600   0.000   0.600   0.000     101     255     101
   0.200   1.000   0.200 120.000   0.800   1.000   0.800   0.000   0.800   0.000      51     255      51
   0.000   1.000   0.000 120.000   1.000   1.000   1.000   0.000   1.000   0.000       0     255       0
