Blue to Gray, 8 steps                                                   
RGB                     HSV                     CMYK                            RGB256
   0.000   0.600   0.800 195.000   1.000   0.800   0.800   0.200   0.000   0.200       0     153     204
   0.400   0.900   1.000 190.000   0.600   1.000   0.600   0.100   0.000   0.000     102     229     255
   0.600   1.000   1.000 180.000   0.400   1.000   0.400   0.000   0.000   0.000     153     255     255
   0.800   1.000   1.000 180.000   0.200   1.000   0.200   0.000   0.000   0.000     204     255     255
   0.900   0.900   0.900   0.000   0.000   0.900   0.000   0.000   0.000   0.100     229     229     229
   0.600   0.600   0.600   0.000   0.000   0.600   0.000   0.000   0.000   0.400     153     153     153
   0.400   0.400   0.400   0.000   0.000   0.400   0.000   0.000   0.000   0.600     102     102     102
   0.200   0.200   0.200   0.000   0.000   0.200   0.000   0.000   0.000   0.800      51      51      51
