Blue to Orange Red, 14 steps                                                
RGB                     HSV                     CMYK                            RGB256
   0.030   0.353   1.000 220.000   0.970   1.000   0.970   0.647   0.000   0.000       7      90     255
   0.200   0.467   1.000 220.000   0.800   1.000   0.800   0.533   0.000   0.000      50     118     255
   0.350   0.567   1.000 220.000   0.650   1.000   0.650   0.433   0.000   0.000      89     144     255
   0.550   0.700   1.000 220.000   0.450   1.000   0.450   0.300   0.000   0.000     140     178     255
   0.750   0.833   1.000 220.000   0.250   1.000   0.250   0.167   0.000   0.000     191     212     255
   0.900   0.933   1.000 220.000   0.100   1.000   0.100   0.067   0.000   0.000     229     238     255
   0.970   0.980   1.000 220.000   0.030   1.000   0.030   0.020   0.000   0.000     247     249     255
   1.000   1.000   0.800  60.000   0.200   1.000   0.000   0.000   0.200   0.000     255     255     204
   1.000   1.000   0.600  60.000   0.400   1.000   0.000   0.000   0.400   0.000     255     255     153
   1.000   1.000   0.000  60.000   1.000   1.000   0.000   0.000   1.000   0.000     255     255       0
   1.000   0.800   0.000  48.000   1.000   1.000   0.000   0.200   1.000   0.000     255     204       0
   1.000   0.600   0.000  36.000   1.000   1.000   0.000   0.400   1.000   0.000     255     153       0
   1.000   0.400   0.000  24.000   1.000   1.000   0.000   0.600   1.000   0.000     255     102       0
   1.000   0.000   0.000   0.000   1.000   1.000   0.000   1.000   1.000   0.000     255       0       0
