Blue to Orange, 12 steps                                                
RGB                     HSV                     CMYK                            RGB256
   0.000   0.167   1.000 230.000   1.000   1.000   1.000   0.833   0.000   0.000       0      42     255
   0.100   0.400   1.000 220.000   0.900   1.000   0.900   0.600   0.000   0.000      25     101     255
   0.200   0.600   1.000 210.000   0.800   1.000   0.800   0.400   0.000   0.000      50     153     255
   0.400   0.800   1.000 200.000   0.600   1.000   0.600   0.200   0.000   0.000     101     204     255
   0.600   0.933   1.000 190.000   0.400   1.000   0.400   0.067   0.000   0.000     153     237     255
   0.800   1.000   1.000 180.000   0.200   1.000   0.200   0.000   0.000   0.000     204     255     255
   1.000   1.000   0.800  60.000   0.200   1.000   0.000   0.000   0.200   0.000     255     255     204
   1.000   0.933   0.600  50.000   0.400   1.000   0.000   0.067   0.400   0.000     255     238     153
   1.000   0.800   0.400  40.000   0.600   1.000   0.000   0.200   0.600   0.000     255     204     101
   1.000   0.600   0.200  30.000   0.800   1.000   0.000   0.400   0.800   0.000     255     153      50
   1.000   0.400   0.100  20.000   0.900   1.000   0.000   0.600   0.900   0.000     255     102      25
   1.000   0.167   0.000  10.000   1.000   1.000   0.000   0.833   1.000   0.000     255      42       0
