Blue to Orange, 8 steps                                                 
RGB                     HSV                     CMYK                            RGB256
   0.000   0.500   1.000 210.000   1.000   1.000   1.000   0.500   0.000   0.000       0     127     255
   0.300   0.767   1.000 200.000   0.700   1.000   0.700   0.233   0.000   0.000      76     195     255
   0.600   0.933   1.000 190.000   0.400   1.000   0.400   0.067   0.000   0.000     153     237     255
   0.800   1.000   1.000 180.000   0.200   1.000   0.200   0.000   0.000   0.000     204     255     255
   1.000   1.000   0.800  60.000   0.200   1.000   0.000   0.000   0.200   0.000     255     255     204
   1.000   0.933   0.600  50.000   0.400   1.000   0.000   0.067   0.400   0.000     255     238     153
   1.000   0.767   0.300  40.000   0.700   1.000   0.000   0.233   0.700   0.000     255     195      76
   1.000   0.500   0.000  30.000   1.000   1.000   0.000   0.500   1.000   0.000     255     127       0
