Green to Magenta, 16 steps                                              
RGB                     HSV                     CMYK                            RGB256
   0.000   0.316   0.000 120.000   1.000   0.316   0.316   0.000   0.316   0.684       0      80       0
   0.000   0.526   0.000 120.000   1.000   0.526   0.526   0.000   0.526   0.474       0     134       0
   0.000   0.737   0.000 120.000   1.000   0.737   0.737   0.000   0.737   0.263       0     187       0
   0.000   0.947   0.000 120.000   1.000   0.947   0.947   0.000   0.947   0.053       0     241       0
   0.316   1.000   0.316 120.000   0.684   1.000   0.684   0.000   0.684   0.000      80     255      80
   0.526   1.000   0.526 120.000   0.474   1.000   0.474   0.000   0.474   0.000     134     255     134
   0.737   1.000   0.737 120.000   0.263   1.000   0.263   0.000   0.263   0.000     187     255     187
   1.000   1.000   1.000   0.000   0.000   1.000   0.000   0.000   0.000   0.000     255     255     255
   1.000   0.947   1.000 300.000   0.053   1.000   0.000   0.053   0.000   0.000     255     241     255
   1.000   0.737   1.000 300.000   0.263   1.000   0.000   0.263   0.000   0.000     255     187     255
   1.000   0.526   1.000 300.000   0.474   1.000   0.000   0.474   0.000   0.000     255     134     255
   1.000   0.316   1.000 300.000   0.684   1.000   0.000   0.684   0.000   0.000     255      80     255
   0.947   0.000   0.947 300.000   1.000   0.947   0.000   0.947   0.000   0.053     241       0     241
   0.737   0.000   0.737 300.000   1.000   0.737   0.000   0.737   0.000   0.263     187       0     187
   0.526   0.000   0.526 300.000   1.000   0.526   0.000   0.526   0.000   0.474     134       0     134
   0.316   0.000   0.316 300.000   1.000   0.316   0.000   0.316   0.000   0.684      80       0      80
