Stepped sequential scheme, 5 steps                                      
RGB                     HSV                     CMYK                            RGB256
   0.600   0.060   0.060   0.000   0.900   0.600   0.000   0.540   0.540   0.400     153      15      15
   0.700   0.175   0.175   0.000   0.750   0.700   0.000   0.525   0.525   0.300     178      44      44
   0.800   0.320   0.320   0.000   0.600   0.800   0.000   0.480   0.480   0.200     204      81      81
   0.900   0.495   0.495   0.000   0.450   0.900   0.000   0.405   0.405   0.100     229     126     126
   1.000   0.700   0.700   0.000   0.300   1.000   0.000   0.300   0.300   0.000     255     178     178
   0.600   0.330   0.060  30.000   0.900   0.600   0.000   0.270   0.540   0.400     153      84      15
   0.700   0.438   0.175  30.000   0.750   0.700   0.000   0.262   0.525   0.300     178     111      44
   0.800   0.560   0.320  30.000   0.600   0.800   0.000   0.240   0.480   0.200     204     142      81
   0.900   0.697   0.495  30.000   0.450   0.900   0.000   0.202   0.405   0.100     229     177     126
   1.000   0.850   0.700  30.000   0.300   1.000   0.000   0.150   0.300   0.000     255     216     178
   0.420   0.600   0.060  80.000   0.900   0.600   0.180   0.000   0.540   0.400     107     153      15
   0.525   0.700   0.175  80.000   0.750   0.700   0.175   0.000   0.525   0.300     133     178      44
   0.640   0.800   0.320  80.000   0.600   0.800   0.160   0.000   0.480   0.200     163     204      81
   0.765   0.900   0.495  80.000   0.450   0.900   0.135   0.000   0.405   0.100     195     229     126
   0.900   1.000   0.700  80.000   0.300   1.000   0.100   0.000   0.300   0.000     229     255     178
   0.060   0.420   0.600 200.000   0.900   0.600   0.540   0.180   0.000   0.400      15     107     153
   0.175   0.525   0.700 200.000   0.750   0.700   0.525   0.175   0.000   0.300      44     133     178
   0.320   0.640   0.800 200.000   0.600   0.800   0.480   0.160   0.000   0.200      81     163     204
   0.495   0.765   0.900 200.000   0.450   0.900   0.405   0.135   0.000   0.100     126     195     229
   0.700   0.900   1.000 200.000   0.300   1.000   0.300   0.100   0.000   0.000     178     229     255
   0.150   0.060   0.600 250.000   0.900   0.600   0.450   0.540   0.000   0.400      38      15     153
   0.262   0.175   0.700 250.000   0.750   0.700   0.438   0.525   0.000   0.300      66      44     178
   0.400   0.320   0.800 250.000   0.600   0.800   0.400   0.480   0.000   0.200     101      81     204
   0.562   0.495   0.900 250.000   0.450   0.900   0.338   0.405   0.000   0.100     143     126     229
   0.750   0.700   1.000 250.000   0.300   1.000   0.250   0.300   0.000   0.000     191     178     255
